0.1423580000
0.1413560000
0.1433840000
0.1426100000
0.1414440000
0.1422980000
0.1417210000
0.1414900000
0.1420910000
0.1415250000
0.5730610000
0.5698240000
0.5682050000
0.5676810000
0.5696630000
0.5676660000
0.5670620000
0.5696740000
0.5675200000
0.5714920000
1.2804430000
1.2780870000
1.3001330000
1.2837270000
1.2822140000
1.2838060000
1.2823390000
1.2804430000
1.2807450000
1.2824610000
2.2804750000
2.2803310000
2.2773010000
2.2745550000
2.2812720000
2.2847760000
2.2736060000
2.2732900000
2.2827460000
2.2779030000
3.5501640000
3.5571420000
3.5537040000
3.5547640000
3.5683160000
3.5807860000
3.5590940000
3.5595790000
3.5507110000
3.5563910000
5.1217340000
5.1160390000
5.1260870000
5.1167850000
5.1226100000
5.1213100000
5.1264440000
5.1244100000
5.1196750000
5.1238710000
6.9730150000
6.9622910000
6.9778900000
6.9759160000
6.9754870000
6.9696340000
6.9639040000
6.9770600000
6.9813020000
6.9903730000
9.1065590000
9.1218100000
9.1083690000
9.1051140000
9.1077410000
9.1124570000
9.1145990000
9.1055580000
9.1104490000
9.1038740000
11.5156600000
11.5221280000
11.5339400000
11.5132230000
11.5245930000
11.5369290000
11.5147760000
11.5300190000
11.5178650000
11.5275920000
14.2261250000
14.2673730000
14.2363950000
14.2338680000
14.2200220000
14.2299990000
14.2282560000
14.2130950000
14.2255500000
14.2359330000