0.0003590000
0.0003370000
0.0003450000
0.0003430000
0.0003390000
0.0003360000
0.0003450000
0.0003370000
0.0003340000
0.0003420000
0.0004870000
0.0004910000
0.0004910000
0.0004970000
0.0005240000
0.0010660000
0.0004890000
0.0004760000
0.0004860000
0.0004790000
0.0006200000
0.0006270000
0.0006240000
0.0006140000
0.0006180000
0.0006280000
0.0006120000
0.0006220000
0.0006190000
0.0006240000
0.0007200000
0.0007140000
0.0007110000
0.0007190000
0.0007150000
0.0007400000
0.0007290000
0.0007110000
0.0007180000
0.0007180000
0.0007730000
0.0007650000
0.0007730000
0.0007780000
0.0007670000
0.0007690000
0.0007780000
0.0007810000
0.0007770000
0.0007640000
0.0008260000
0.0008250000
0.0008330000
0.0008330000
0.0008410000
0.0008270000
0.0008310000
0.0008280000
0.0008260000
0.0008290000
0.0008770000
0.0008780000
0.0008800000
0.0008810000
0.0008760000
0.0008930000
0.0008810000
0.0008700000
0.0009110000
0.0008860000
0.0009540000
0.0009530000
0.0009480000
0.0009510000
0.0009730000
0.0009460000
0.0009650000
0.0010080000
0.0010120000
0.0009620000
0.0009840000
0.0009970000
0.0009860000
0.0009980000
0.0009910000
0.0009870000
0.0009880000
0.0010120000
0.0009950000
0.0010220000
0.0010660000
0.0010560000
0.0010550000
0.0010460000
0.0010810000
0.0010600000
0.0010510000
0.0010480000
0.0010740000
0.0010670000
0.0003370000
0.0003360000
0.0003400000
0.0003360000
0.0003460000
0.0003310000
0.0003340000
0.0003360000
0.0003360000
0.0003360000
0.0004870000
0.0004810000
0.0004830000
0.0004970000
0.0004870000
0.0004760000
0.0004860000
0.0004830000
0.0004870000
0.0004860000
0.0006210000
0.0006600000
0.0006370000
0.0006260000
0.0006130000
0.0006140000
0.0006140000
0.0006080000
0.0006150000
0.0006120000
0.0007210000
0.0006970000
0.0006970000
0.0006990000
0.0006950000
0.0007000000
0.0006970000
0.0006990000
0.0006890000
0.0007110000
0.0007580000
0.0007670000
0.0007540000
0.0007620000
0.0007600000
0.0007620000
0.0007620000
0.0008240000
0.0007610000
0.0007700000
0.0011780000
0.0008310000
0.0008750000
0.0008780000
0.0008410000
0.0008220000
0.0008090000
0.0008080000
0.0008060000
0.0008080000
0.0008850000
0.0008690000
0.0008750000
0.0008630000
0.0008690000
0.0008870000
0.0008690000
0.0008650000
0.0008710000
0.0008630000
0.0009290000
0.0009230000
0.0009300000
0.0009290000
0.0009230000
0.0009270000
0.0009300000
0.0009220000
0.0009180000
0.0009270000
0.0009680000
0.0009690000
0.0009630000
0.0009710000
0.0009630000
0.0009770000
0.0009710000
0.0009720000
0.0009690000
0.0009810000
0.0010250000
0.0010300000
0.0010270000
0.0011370000
0.0010840000
0.0010310000
0.0010630000
0.0011100000
0.0010420000
0.0010290000
0.0003290000
0.0003240000
0.0003340000
0.0003280000
0.0003200000
0.0003270000
0.0003230000
0.0003810000
0.0003380000
0.0003220000
0.0004700000
0.0004750000
0.0004790000
0.0004800000
0.0005140000
0.0004740000
0.0004980000
0.0005510000
0.0005140000
0.0005200000
0.0007940000
0.0006500000
0.0006330000
0.0006600000
0.0006140000
0.0007360000
0.0006250000
0.0006110000
0.0006170000
0.0006140000
0.0007630000
0.0007210000
0.0007140000
0.0007020000
0.0007000000
0.0007440000
0.0007070000
0.0007080000
0.0007060000
0.0006970000
0.0007780000
0.0007570000
0.0007760000
0.0008230000
0.0007610000
0.0007630000
0.0007670000
0.0007650000
0.0007650000
0.0007590000
0.0008290000
0.0008150000
0.0008200000
0.0008220000
0.0008160000
0.0008300000
0.0008160000
0.0008260000
0.0008170000
0.0008270000
0.0008880000
0.0009000000
0.0008760000
0.0008670000
0.0008780000
0.0008710000
0.0008700000
0.0008810000
0.0008870000
0.0008780000
0.0009410000
0.0009330000
0.0009360000
0.0009430000
0.0009450000
0.0009370000
0.0009400000
0.0009470000
0.0009450000
0.0009500000
0.0009930000
0.0009810000
0.0009890000
0.0009940000
0.0009880000
0.0009830000
0.0009980000
0.0009850000
0.0009870000
0.0009910000
0.0013220000
0.0010550000
0.0010350000
0.0010410000
0.0010480000
0.0010370000
0.0010530000
0.0010610000
0.0010530000
0.0010590000
0.0002600000
0.0002570000
0.0002470000
0.0002560000
0.0002490000
0.0002510000
0.0002540000
0.0002520000
0.0002510000
0.0002460000
0.0003430000
0.0003470000
0.0003430000
0.0003330000
0.0003410000
0.0003360000
0.0003370000
0.0003340000
0.0003380000
0.0003400000
0.0004130000
0.0004220000
0.0004180000
0.0004280000
0.0004190000
0.0004220000
0.0004250000
0.0004260000
0.0004270000
0.0004170000
0.0005140000
0.0005050000
0.0005090000
0.0005050000
0.0005080000
0.0005010000
0.0005100000
0.0005040000
0.0004990000
0.0005070000
0.0005870000
0.0005920000
0.0005900000
0.0005990000
0.0005900000
0.0005920000
0.0005930000
0.0005890000
0.0005910000
0.0005870000
0.0006760000
0.0006690000
0.0006800000
0.0006750000
0.0006900000
0.0006730000
0.0006950000
0.0006820000
0.0006800000
0.0006780000
0.0007590000
0.0007640000
0.0007600000
0.0007730000
0.0007670000
0.0007630000
0.0007670000
0.0007660000
0.0007620000
0.0007760000
0.0008480000
0.0008530000
0.0008430000
0.0008470000
0.0008540000
0.0008460000
0.0008430000
0.0008840000
0.0008890000
0.0008880000
0.0009460000
0.0009350000
0.0009420000
0.0009340000
0.0009370000
0.0009310000
0.0009340000
0.0009450000
0.0009210000
0.0009380000
0.0010740000
0.0010340000
0.0010130000
0.0010110000
0.0010140000
0.0010250000
0.0010280000
0.0010320000
0.0010060000
0.0010160000
0.0002540000
0.0002540000
0.0002530000
0.0002550000
0.0002490000
0.0002670000
0.0002520000
0.0002680000
0.0002600000
0.0002570000
0.0003480000
0.0003430000
0.0003380000
0.0003360000
0.0003450000
0.0003430000
0.0003340000
0.0003410000
0.0003340000
0.0003420000
0.0004270000
0.0004270000
0.0004260000
0.0004210000
0.0004250000
0.0004200000
0.0004120000
0.0004270000
0.0004250000
0.0004260000
0.0005080000
0.0005100000
0.0005050000
0.0005090000
0.0005100000
0.0005020000
0.0005010000
0.0004980000
0.0005080000
0.0004960000
0.0005830000
0.0005870000
0.0005810000
0.0005860000
0.0005850000
0.0005860000
0.0005850000
0.0005840000
0.0005860000
0.0005860000
0.0006710000
0.0006700000
0.0006640000
0.0006670000
0.0006670000
0.0006730000
0.0006730000
0.0006700000
0.0006760000
0.0006730000
0.0007540000
0.0007480000
0.0007520000
0.0007480000
0.0007520000
0.0007470000
0.0007550000
0.0007540000
0.0007540000
0.0007570000
0.0008490000
0.0008380000
0.0008520000
0.0008420000
0.0008450000
0.0008380000
0.0008400000
0.0008460000
0.0008350000
0.0008370000
0.0009270000
0.0009230000
0.0009170000
0.0009230000
0.0009320000
0.0009230000
0.0009190000
0.0009250000
0.0009240000
0.0009310000
0.0010050000
0.0010100000
0.0010140000
0.0010120000
0.0010050000
0.0010120000
0.0010050000
0.0010160000
0.0010270000
0.0010050000
0.0002800000
0.0002810000
0.0002760000
0.0002830000
0.0002770000
0.0002780000
0.0002870000
0.0002760000
0.0002930000
0.0002780000
0.0003960000
0.0003940000
0.0003940000
0.0004050000
0.0003920000
0.0003990000
0.0004030000
0.0003900000
0.0004030000
0.0003990000
0.0005190000
0.0005140000
0.0005120000
0.0005150000
0.0005080000
0.0005210000
0.0005160000
0.0005130000
0.0005190000
0.0005260000
0.0006350000
0.0006360000
0.0006380000
0.0006240000
0.0006310000
0.0006250000
0.0006470000
0.0006360000
0.0006470000
0.0006320000
0.0007520000
0.0007430000
0.0007570000
0.0007480000
0.0007540000
0.0007820000
0.0007490000
0.0007460000
0.0007520000
0.0007530000
0.0008090000
0.0008350000
0.0008200000
0.0008130000
0.0008170000
0.0008030000
0.0008100000
0.0008080000
0.0008030000
0.0008060000
0.0008590000
0.0008700000
0.0008580000
0.0008550000
0.0008620000
0.0008590000
0.0008550000
0.0008670000
0.0008560000
0.0008610000
0.0009340000
0.0009080000
0.0009220000
0.0009160000
0.0009150000
0.0009140000
0.0009140000
0.0009040000
0.0009230000
0.0009100000
0.0009830000
0.0009590000
0.0009650000
0.0009570000
0.0009590000
0.0009620000
0.0009650000
0.0009710000
0.0009600000
0.0009560000
0.0010180000
0.0010100000
0.0010100000
0.0010130000
0.0010260000
0.0010270000
0.0010120000
0.0010230000
0.0010160000
0.0010140000
0.0003240000
0.0003290000
0.0003270000
0.0003300000
0.0003340000
0.0003280000
0.0003270000
0.0003310000
0.0003260000
0.0003320000
0.0004840000
0.0004760000
0.0004770000
0.0004750000
0.0004890000
0.0004820000
0.0004710000
0.0004810000
0.0004680000
0.0005020000
0.0006180000
0.0006220000
0.0006010000
0.0006200000
0.0006140000
0.0006190000
0.0006210000
0.0006130000
0.0006140000
0.0006140000
0.0007030000
0.0007160000
0.0007110000
0.0007180000
0.0007070000
0.0007030000
0.0007200000
0.0007050000
0.0007050000
0.0007100000
0.0007650000
0.0007800000
0.0007730000
0.0007660000
0.0007710000
0.0007610000
0.0007760000
0.0007750000
0.0007730000
0.0007650000
0.0008170000
0.0008270000
0.0008620000
0.0008320000
0.0008180000
0.0008190000
0.0008380000
0.0008290000
0.0008330000
0.0008250000
0.0008850000
0.0008760000
0.0008880000
0.0008720000
0.0008880000
0.0008860000
0.0008770000
0.0008750000
0.0008850000
0.0008920000
0.0009350000
0.0009340000
0.0009340000
0.0009440000
0.0009550000
0.0009440000
0.0009280000
0.0009480000
0.0009530000
0.0009520000
0.0010650000
0.0010580000
0.0010790000
0.0010090000
0.0009970000
0.0010200000
0.0010010000
0.0009950000
0.0010020000
0.0009860000
0.0010620000
0.0010460000
0.0011100000
0.0010800000
0.0011960000
0.0010900000
0.0010470000
0.0011600000
0.0010470000
0.0010440000
