----data1.dat----------------
0.2260117000, 0.9655768000, 2.2342854000, 4.0450993000, 6.3973330000, 9.3136126000, 12.7082773000, 16.6920109000, 21.2206023000, 26.2918089000, 
----data2.dat----------------
0.2241221000, 0.9612700000, 2.2250278000, 4.0435996000, 6.4200085000, 9.3856766000, 12.8328391000, 16.7945821000, 21.3098139000, 26.3672766000, 
----data3.dat----------------
0.2248952000, 0.9691409000, 2.2356220000, 4.0668272000, 6.4282715000, 9.3043659000, 12.7487501000, 16.8854062000, 21.3037565000, 26.3093366000, 
----data4.dat----------------
0.1003952000, 0.4013098000, 0.9034636000, 1.6063227000, 2.5100585000, 3.6149002000, 4.9265654000, 6.4359751000, 8.1389066000, 10.0458130000, 
----data5.dat----------------
0.1825856000, 0.7325157000, 1.6466966000, 2.9312789000, 4.5839558000, 6.6514620000, 8.9976576000, 11.7368752000, 14.9503849000, 18.4367828000, 
----data6.dat----------------
0.1420277000, 0.5691848000, 1.2834398000, 2.2786255000, 3.5590651000, 5.1218965000, 6.9746872000, 9.1096530000, 11.5236725000, 14.2316616000
----data7.dat----------------
0.2100893000, 0.8900537000, 2.0353642000, 3.6514843000, 5.7496999000, 8.2949875000, 11.3313599000, 14.9190211000, 18.8371882000, 23.2754890000, 

