0.2252980000
0.2237120000
0.2282740000
0.2263050000
0.2290530000
0.2279740000
0.2279250000
0.2236540000
0.2239360000
0.2239860000
0.9677290000
0.9647820000
0.9670310000
0.9678440000
0.9635050000
0.9651290000
0.9639100000
0.9646790000
0.9671010000
0.9640580000
2.2296960000
2.2396890000
2.2343930000
2.2320720000
2.2300130000
2.2378420000
2.2392110000
2.2355820000
2.2332060000
2.2311500000
4.0502300000
4.0430130000
4.0489810000
4.0410330000
4.0453030000
4.0495390000
4.0419400000
4.0462310000
4.0401900000
4.0445330000
6.4024490000
6.4064660000
6.3901150000
6.3988050000
6.3941520000
6.3904410000
6.4015180000
6.4011020000
6.3897320000
6.3985500000
9.3016570000
9.2904950000
9.3003190000
9.3076390000
9.2935310000
9.3034950000
9.2920590000
9.3815820000
9.3708630000
9.2944860000
12.7094590000
12.7115510000
12.7246340000
12.7088070000
12.7106200000
12.6991240000
12.7064040000
12.7035060000
12.7048170000
12.7038510000
16.6829500000
16.6822650000
16.6836110000
16.6881000000
16.7034750000
16.6959960000
16.6836840000
16.6728630000
16.6818130000
16.7453520000
21.2337390000
21.2080070000
21.2169990000
21.2195680000
21.2266970000
21.2001340000
21.2223250000
21.2209410000
21.2110530000
21.2465600000
26.2550780000
26.2733380000
26.2780890000
26.3283950000
26.2963550000
26.2880560000
26.3113550000
26.3028820000
26.2867410000
26.2978000000
0.2240770000
0.2246480000
0.2232970000
0.2245610000
0.2250300000
0.2237240000
0.2234300000
0.2234810000
0.2242820000
0.2246910000
0.9625360000
0.9595730000
0.9605260000
0.9640580000
0.9612260000
0.9610540000
0.9616360000
0.9613150000
0.9605180000
0.9602580000
2.2254300000
2.2275370000
2.2266540000
2.2231820000
2.2221820000
2.2264550000
2.2239890000
2.2237590000
2.2267590000
2.2243310000
4.0438610000
4.0424170000
4.0649620000
4.0386840000
4.0461880000
4.0429460000
4.0417570000
4.0408340000
4.0387240000
4.0356230000
6.4016960000
6.4032570000
6.3872590000
6.3988510000
6.4003200000
6.3959400000
6.4139210000
6.4759110000
6.4590320000
6.4638980000
9.3945880000
9.3867500000
9.3865490000
9.3845860000
9.3793280000
9.3743810000
9.3847170000
9.3828190000
9.3924420000
9.3906060000
12.8717020000
12.8524080000
12.8576320000
12.8646110000
12.8537090000
12.8509260000
12.8527680000
12.8648870000
12.7297810000
12.7299670000
16.7422760000
16.7445020000
16.7449670000
16.7463820000
16.7355700000
16.7461190000
17.2444730000
16.7387630000
16.7535220000
16.7492470000
21.2770940000
21.2897020000
21.2899770000
21.2777290000
21.4179280000
21.3667900000
21.2952040000
21.2957490000
21.3067150000
21.2812510000
26.4172520000
26.3421000000
26.3496440000
26.3394970000
26.3696250000
26.3744430000
26.3362790000
26.3874540000
26.3996880000
26.3567840000
0.2246000000
0.2248910000
0.2250900000
0.2249390000
0.2246680000
0.2254750000
0.2253600000
0.2244430000
0.2246460000
0.2248400000
0.9685430000
0.9683100000
0.9686060000
0.9739850000
0.9661690000
0.9744610000
0.9715810000
0.9653300000
0.9678220000
0.9666020000
2.2364890000
2.2346220000
2.2347170000
2.2346630000
2.2375410000
2.2358310000
2.2359440000
2.2370570000
2.2353690000
2.2339870000
4.0397140000
4.0425000000
4.0393030000
4.0473310000
4.0913480000
4.0948650000
4.0894090000
4.0944310000
4.0678110000
4.0615600000
6.4103490000
6.4012510000
6.4023350000
6.4559110000
6.5008360000
6.4203710000
6.4446570000
6.4368870000
6.4008590000
6.4092590000
9.2977810000
9.2959710000
9.3440760000
9.3033500000
9.3305770000
9.3101820000
9.2848040000
9.2896080000
9.2980680000
9.2892420000
12.7469670000
12.7383810000
12.7496000000
12.7604930000
12.7499620000
12.7328080000
12.7481280000
12.7462040000
12.7433450000
12.7716130000
16.8967140000
16.8931910000
16.8976070000
16.8925680000
16.8835740000
16.8762960000
16.8733050000
16.8672810000
16.8875240000
16.8860020000
21.4461950000
21.4375100000
21.3289380000
21.2694870000
21.2617200000
21.2500270000
21.2418410000
21.2705110000
21.2788510000
21.2524850000
26.3002690000
26.2910650000
26.2831090000
26.2809090000
26.3146080000
26.4659500000
26.2868870000
26.3009310000
26.2905740000
26.2790640000
0.1001120000
0.1028990000
0.1000960000
0.1000400000
0.1000810000
0.1002690000
0.1000810000
0.1000710000
0.1002210000
0.1000820000
0.4012440000
0.4012650000
0.4012830000
0.4013100000
0.4011950000
0.4011580000
0.4016540000
0.4014190000
0.4014070000
0.4011630000
0.9031350000
0.9036100000
0.9032040000
0.9032590000
0.9034250000
0.9059350000
0.9028840000
0.9032190000
0.9029770000
0.9029880000
1.6056200000
1.6061050000
1.6056950000
1.6084390000
1.6055140000
1.6053960000
1.6064940000
1.6061900000
1.6053220000
1.6084520000
2.5096870000
2.5097210000
2.5098400000
2.5116620000
2.5085320000
2.5117960000
2.5102220000
2.5118590000
2.5084020000
2.5088640000
3.6141080000
3.6164880000
3.6143350000
3.6164220000
3.6128990000
3.6144270000
3.6162920000
3.6136600000
3.6146010000
3.6157700000
4.9192860000
4.9216910000
4.9209150000
4.9225570000
4.9688760000
4.9271790000
4.9201580000
4.9242650000
4.9199020000
4.9208250000
6.4263650000
6.4288660000
6.4291120000
6.4301100000
6.4288470000
6.4296710000
6.4916870000
6.4392540000
6.4270500000
6.4287890000
8.1366480000
8.1357280000
8.1404220000
8.1383720000
8.1368870000
8.1432440000
8.1363090000
8.1403830000
8.1404820000
8.1405910000
10.0451110000
10.0458700000
10.0450550000
10.0439590000
10.0456090000
10.0481860000
10.0451780000
10.0429800000
10.0507240000
10.0454580000
0.1819920000
0.1833830000
0.1831480000
0.1832210000
0.1825650000
0.1820500000
0.1819720000
0.1828190000
0.1818890000
0.1828170000
0.7322060000
0.7327270000
0.7325100000
0.7321750000
0.7333250000
0.7338350000
0.7326750000
0.7320480000
0.7318660000
0.7317900000
1.6472200000
1.6504830000
1.6473650000
1.6446810000
1.6474620000
1.6436860000
1.6427940000
1.6498770000
1.6444870000
1.6489110000
2.9247860000
2.9261910000
2.9328590000
2.9393380000
2.9320850000
2.9314180000
2.9293230000
2.9303920000
2.9337140000
2.9326830000
4.5763670000
4.5874370000
4.5810130000
4.5803120000
4.5826620000
4.5804970000
4.5820720000
4.5853600000
4.5740300000
4.6098080000
6.6502590000
6.6348660000
6.6426850000
6.6710840000
6.7140400000
6.7020730000
6.6595340000
6.6486820000
6.5915730000
6.5998240000
9.0170540000
8.9931950000
8.9951040000
9.0027190000
9.0309680000
8.9952130000
8.9951070000
8.9896490000
8.9826010000
8.9749660000
11.7363940000
11.7280880000
11.7396880000
11.7328480000
11.7555090000
11.7479090000
11.7351400000
11.7534550000
11.7194030000
11.7203180000
14.8492370000
14.8721220000
14.8639440000
14.8916400000
14.9273820000
15.0672140000
15.0499330000
15.0438900000
15.0194910000
14.9189960000
18.3470080000
18.3857360000
18.3417210000
18.4121910000
18.3844240000
18.6178550000
18.6126040000
18.4929190000
18.4033990000
18.3699710000
0.1005090000
0.1001170000
0.1001070000
0.1001840000
0.1003570000
0.1002150000
0.1000620000
0.1000420000
0.1003510000
0.1000670000
0.4016820000
0.4014060000
0.4012240000
0.4021170000
0.4016330000
0.4016030000
0.4022070000
0.4013740000
0.4014070000
0.4012190000
0.9045620000
0.9064060000
0.9037070000
0.9035420000
0.9038390000
0.9034270000
0.9035740000
0.9039840000
0.9037960000
0.9042440000
1.6065790000
1.6103820000
1.6067440000
1.6071780000
1.6068220000
1.6083480000
1.6065520000
1.6094730000
1.6065160000
1.6066260000
2.5164870000
2.5111470000
2.5158520000
2.5133900000
2.5127650000
2.5127070000
2.5169770000
2.5114430000
2.5109940000
2.5110570000
3.7887270000
3.7835900000
3.7870870000
3.7830790000
3.7856170000
3.7874130000
3.7844470000
3.7851830000
3.7889740000
3.7899190000
5.6149030000
5.6249600000
5.6144550000
5.5972660000
5.5984320000
5.5998380000
5.5939080000
5.5943340000
5.5913690000
5.5979700000
7.9449960000
7.9416950000
7.9310650000
7.9545510000
7.9310100000
7.9386260000
7.9419820000
7.9344190000
7.9348850000
7.9345490000
10.8232990000
10.8119930000
10.8186250000
10.8355820000
10.8180020000
10.8002740000
10.8117080000
10.8113490000
10.8060510000
10.8227640000
14.2268050000
14.2244690000
14.2195240000
14.2277780000
14.2326180000
14.2212360000
14.2359090000
14.2020690000
14.2220780000
14.2053170000
0.2105330000
0.2094560000
0.2099780000
0.2108700000
0.2100030000
0.2094830000
0.2096340000
0.2105480000
0.2099940000
0.2103940000
0.8882990000
0.8889100000
0.8905300000
0.8890630000
0.8894780000
0.8938220000
0.8898320000
0.8904510000
0.8897550000
0.8903970000
2.0335320000
2.0356600000
2.0390600000
2.0335240000
2.0364970000
2.0333670000
2.0361610000
2.0366990000
2.0360350000
2.0331070000
3.6522990000
3.6513010000
3.6496170000
3.6490800000
3.6545660000
3.6470610000
3.6523430000
3.6529690000
3.6506330000
3.6549740000
5.7615340000
5.7530710000
5.7529410000
5.7510040000
5.7445790000
5.7501300000
5.7471410000
5.7448080000
5.7484890000
5.7433020000
8.2987830000
8.2957640000
8.2985390000
8.2876060000
8.2879670000
8.2922270000
8.2949690000
8.2893150000
8.2945550000
8.3101500000
11.3384540000
11.3258680000
11.3295130000
11.3442790000
11.3372670000
11.3299070000
11.3207360000
11.3321190000
11.3222870000
11.3331690000
14.8572380000
14.8271500000
14.8484330000
14.8480980000
14.8604810000
14.8650170000
14.8360100000
14.8475730000
14.8616270000
15.5385840000
18.8972590000
18.8819150000
18.8555850000
18.8346950000
18.8397760000
18.8161880000
18.8091250000
18.8125430000
18.8249960000
18.7998000000
23.2666550000
23.2884680000
23.2742640000
23.2536060000
23.2984530000
23.2771950000
23.3051840000
23.2805790000
23.2684190000
23.2420670000
