0.0003400000
0.0003460000
0.0003480000
0.0003380000
0.0003380000
0.0003340000
0.0003400000
0.0003420000
0.0003460000
0.0003370000
0.0004880000
0.0004810000
0.0004900000
0.0004860000
0.0004990000
0.0004960000
0.0005050000
0.0004860000
0.0004920000
0.0004860000
0.0006430000
0.0006210000
0.0006220000
0.0006310000
0.0006250000
0.0006370000
0.0006360000
0.0006410000
0.0006280000
0.0006260000
0.0007160000
0.0007200000
0.0007160000
0.0007160000
0.0007190000
0.0007180000
0.0007190000
0.0007310000
0.0007200000
0.0007140000
0.0007880000
0.0007780000
0.0007780000
0.0008270000
0.0007790000
0.0007750000
0.0007750000
0.0007800000
0.0008330000
0.0007900000
0.0008350000
0.0008350000
0.0008410000
0.0010000000
0.0008580000
0.0008390000
0.0008330000
0.0008330000
0.0008390000
0.0008340000
0.0008940000
0.0009000000
0.0009200000
0.0009260000
0.0008880000
0.0008910000
0.0008890000
0.0008880000
0.0008880000
0.0008930000
0.0009440000
0.0009690000
0.0009430000
0.0009520000
0.0009770000
0.0009360000
0.0009900000
0.0009390000
0.0009530000
0.0009750000
0.0010230000
0.0010070000
0.0010210000
0.0009890000
0.0010210000
0.0009910000
0.0010370000
0.0010160000
0.0010260000
0.0010080000
0.0010830000
0.0010820000
0.0011330000
0.0010740000
0.0010530000
0.0010770000
0.0010740000
0.0010520000
0.0010660000
0.0010990000
0.0003480000
0.0003360000
0.0003380000
0.0003390000
0.0003490000
0.0003340000
0.0003470000
0.0003420000
0.0003410000
0.0003350000
0.0004940000
0.0004910000
0.0004880000
0.0004880000
0.0004820000
0.0004840000
0.0004860000
0.0004840000
0.0004880000
0.0004820000
0.0006340000
0.0006340000
0.0006230000
0.0006190000
0.0006260000
0.0006210000
0.0006180000
0.0006350000
0.0006220000
0.0006200000
0.0007290000
0.0007180000
0.0007070000
0.0007200000
0.0007250000
0.0007130000
0.0007090000
0.0007180000
0.0007350000
0.0007100000
0.0007900000
0.0007860000
0.0007710000
0.0007760000
0.0007710000
0.0007740000
0.0007870000
0.0007750000
0.0007750000
0.0007760000
0.0008500000
0.0008290000
0.0008380000
0.0008280000
0.0008300000
0.0008360000
0.0008330000
0.0008280000
0.0008320000
0.0008380000
0.0008910000
0.0008890000
0.0008940000
0.0008880000
0.0008850000
0.0008960000
0.0008930000
0.0008990000
0.0008960000
0.0008870000
0.0009710000
0.0009380000
0.0009770000
0.0009420000
0.0009890000
0.0009330000
0.0009620000
0.0009730000
0.0009560000
0.0009460000
0.0010310000
0.0010020000
0.0010090000
0.0010310000
0.0009930000
0.0010480000
0.0010090000
0.0010850000
0.0010110000
0.0010090000
0.0010490000
0.0010690000
0.0010670000
0.0010830000
0.0010450000
0.0010860000
0.0010570000
0.0010820000
0.0010770000
0.0010680000
0.0003290000
0.0003440000
0.0003350000
0.0003400000
0.0003340000
0.0003420000
0.0003290000
0.0003360000
0.0003350000
0.0003350000
0.0004910000
0.0004860000
0.0004870000
0.0004980000
0.0004810000
0.0004870000
0.0004860000
0.0004870000
0.0004970000
0.0004930000
0.0006210000
0.0006270000
0.0006230000
0.0006310000
0.0006300000
0.0006190000
0.0006220000
0.0006200000
0.0006210000
0.0006200000
0.0007200000
0.0007050000
0.0007240000
0.0007080000
0.0007530000
0.0007120000
0.0007120000
0.0007220000
0.0007110000
0.0007100000
0.0007630000
0.0007710000
0.0007740000
0.0007680000
0.0007670000
0.0007660000
0.0007750000
0.0007700000
0.0007760000
0.0007750000
0.0008260000
0.0008270000
0.0008260000
0.0008260000
0.0008420000
0.0008310000
0.0008270000
0.0008260000
0.0008280000
0.0008310000
0.0009000000
0.0008890000
0.0008940000
0.0009300000
0.0008870000
0.0008860000
0.0008880000
0.0008870000
0.0008850000
0.0008950000
0.0009870000
0.0009440000
0.0009460000
0.0009480000
0.0009570000
0.0009920000
0.0009730000
0.0009820000
0.0009630000
0.0009960000
0.0010330000
0.0010380000
0.0010130000
0.0010140000
0.0010220000
0.0009980000
0.0010200000
0.0009990000
0.0010340000
0.0010000000
0.0010520000
0.0010460000
0.0011480000
0.0010570000
0.0010680000
0.0010700000
0.0010420000
0.0010750000
0.0010480000
0.0010490000
0.0002580000
0.0002590000
0.0002570000
0.0002630000
0.0002910000
0.0002870000
0.0002530000
0.0002620000
0.0002590000
0.0002660000
0.0003480000
0.0003450000
0.0003450000
0.0003400000
0.0003400000
0.0003620000
0.0003470000
0.0003400000
0.0003490000
0.0003490000
0.0004300000
0.0004340000
0.0004290000
0.0004380000
0.0004340000
0.0004290000
0.0004380000
0.0004250000
0.0004280000
0.0004230000
0.0005070000
0.0005240000
0.0005090000
0.0005060000
0.0005110000
0.0005200000
0.0005150000
0.0005040000
0.0005090000
0.0005100000
0.0006000000
0.0006030000
0.0006020000
0.0005990000
0.0006130000
0.0005920000
0.0006420000
0.0005950000
0.0006130000
0.0005970000
0.0006830000
0.0007080000
0.0006950000
0.0006820000
0.0006900000
0.0006770000
0.0006810000
0.0006810000
0.0007160000
0.0006830000
0.0007680000
0.0007680000
0.0007760000
0.0007820000
0.0007680000
0.0007700000
0.0007780000
0.0007710000
0.0008010000
0.0008030000
0.0008490000
0.0009210000
0.0008430000
0.0008500000
0.0008470000
0.0008520000
0.0008570000
0.0008680000
0.0008520000
0.0008520000
0.0009360000
0.0009410000
0.0009310000
0.0009430000
0.0009340000
0.0009490000
0.0009290000
0.0009640000
0.0009350000
0.0009840000
0.0010170000
0.0010230000
0.0010440000
0.0010150000
0.0010140000
0.0010230000
0.0010670000
0.0010260000
0.0010380000
0.0010190000
0.0003000000
0.0002790000
0.0002570000
0.0002560000
0.0002550000
0.0002670000
0.0002590000
0.0002600000
0.0002530000
0.0002580000
0.0003520000
0.0003470000
0.0003460000
0.0003410000
0.0003390000
0.0003420000
0.0003540000
0.0003700000
0.0004200000
0.0004870000
0.0004360000
0.0004430000
0.0004400000
0.0005690000
0.0004310000
0.0004740000
0.0004310000
0.0005890000
0.0004520000
0.0004570000
0.0005380000
0.0005170000
0.0005200000
0.0005380000
0.0005570000
0.0005140000
0.0005220000
0.0005230000
0.0005930000
0.0005330000
0.0006130000
0.0006000000
0.0005980000
0.0006030000
0.0006020000
0.0006390000
0.0006040000
0.0005990000
0.0006170000
0.0005970000
0.0006850000
0.0007050000
0.0006820000
0.0006800000
0.0006790000
0.0007320000
0.0006770000
0.0007110000
0.0006810000
0.0007060000
0.0007610000
0.0008100000
0.0007670000
0.0008130000
0.0007740000
0.0008230000
0.0007640000
0.0008150000
0.0007590000
0.0007900000
0.0008470000
0.0008890000
0.0008510000
0.0008840000
0.0008470000
0.0008580000
0.0008470000
0.0008720000
0.0008540000
0.0008760000
0.0009590000
0.0009370000
0.0009800000
0.0009650000
0.0009420000
0.0009380000
0.0009730000
0.0009460000
0.0009440000
0.0009790000
0.0010460000
0.0010260000
0.0010430000
0.0010200000
0.0010060000
0.0010170000
0.0010160000
0.0010900000
0.0010680000
0.0010180000
0.0003020000
0.0002870000
0.0002840000
0.0002910000
0.0002960000
0.0002890000
0.0002860000
0.0002820000
0.0002880000
0.0002900000
0.0004000000
0.0004070000
0.0004120000
0.0004020000
0.0004070000
0.0004090000
0.0003980000
0.0004120000
0.0004520000
0.0004410000
0.0005270000
0.0005210000
0.0005220000
0.0005330000
0.0005600000
0.0005340000
0.0005620000
0.0005220000
0.0005360000
0.0005240000
0.0006520000
0.0006460000
0.0006790000
0.0006440000
0.0006560000
0.0006350000
0.0006450000
0.0006490000
0.0006420000
0.0006470000
0.0007570000
0.0007560000
0.0007550000
0.0007600000
0.0007630000
0.0007710000
0.0007570000
0.0007600000
0.0007630000
0.0007670000
0.0008080000
0.0008090000
0.0008280000
0.0008090000
0.0008320000
0.0008080000
0.0008110000
0.0008300000
0.0008110000
0.0008340000
0.0009190000
0.0008980000
0.0008640000
0.0008570000
0.0008850000
0.0008580000
0.0008610000
0.0008620000
0.0008880000
0.0008650000
0.0009240000
0.0009150000
0.0009220000
0.0009260000
0.0009130000
0.0009370000
0.0009220000
0.0009190000
0.0009090000
0.0009240000
0.0009940000
0.0010420000
0.0009890000
0.0009590000
0.0009850000
0.0009650000
0.0010170000
0.0009680000
0.0010010000
0.0009660000
0.0010120000
0.0010430000
0.0010220000
0.0010500000
0.0010150000
0.0010350000
0.0010120000
0.0010370000
0.0010860000
0.0010440000
0.0003680000
0.0003330000
0.0003340000
0.0003430000
0.0003420000
0.0003420000
0.0003340000
0.0003360000
0.0003320000
0.0003340000
0.0004880000
0.0005550000
0.0004820000
0.0004870000
0.0004870000
0.0004900000
0.0004870000
0.0004820000
0.0004910000
0.0004820000
0.0006280000
0.0006270000
0.0006230000
0.0006250000
0.0006190000
0.0006320000
0.0006240000
0.0006200000
0.0006160000
0.0006270000
0.0007310000
0.0007160000
0.0007060000
0.0007120000
0.0007280000
0.0007110000
0.0007080000
0.0007180000
0.0007760000
0.0007080000
0.0007790000
0.0007730000
0.0007740000
0.0007830000
0.0007890000
0.0007920000
0.0007750000
0.0007790000
0.0007750000
0.0007680000
0.0008230000
0.0008230000
0.0008250000
0.0008260000
0.0008200000
0.0008280000
0.0008720000
0.0008320000
0.0008350000
0.0008600000
0.0009800000
0.0008870000
0.0008890000
0.0008850000
0.0009230000
0.0009260000
0.0009360000
0.0011100000
0.0012740000
0.0009080000
0.0009420000
0.0009420000
0.0009440000
0.0009680000
0.0009770000
0.0009480000
0.0009800000
0.0009830000
0.0009850000
0.0009740000
0.0009970000
0.0009970000
0.0010040000
0.0010830000
0.0010250000
0.0009820000
0.0009940000
0.0010350000
0.0010810000
0.0010750000
0.0010760000
0.0010430000
0.0010430000
0.0010620000
0.0010700000
0.0010500000
0.0010520000
0.0010870000
0.0010770000
0.0010850000
