----data1.dat----------------
0.0003409000, 0.0004909000, 0.0006310000, 0.0007189000, 0.0007903000, 0.0008547000, 0.0008977000, 0.0009578000, 0.0010139000, 0.0010793000, 
----data2.dat----------------
0.0003409000, 0.0004867000, 0.0006252000, 0.0007184000, 0.0007781000, 0.0008342000, 0.0008918000, 0.0009587000, 0.0010228000, 0.0010683000, 
----data3.dat----------------
0.0003359000, 0.0004893000, 0.0006234000, 0.0007177000, 0.0007705000, 0.0008290000, 0.0008941000, 0.0009688000, 0.0010171000, 0.0010655000, 
----data4.dat----------------
0.0002655000, 0.0003465000, 0.0004308000, 0.0005115000, 0.0006056000, 0.0006896000, 0.0007785000, 0.0008591000, 0.0009446000, 0.0010286000, 
----data5.dat----------------
0.0002644000, 0.0003698000, 0.0004722000, 0.0005355000, 0.0006072000, 0.0006938000, 0.0007876000, 0.0008625000, 0.0009563000, 0.0010350000, 
----data6.dat----------------
0.0002632000, 0.0003461000, 0.0004336000, 0.0005183000, 0.0006122000, 0.0006898000, 0.0007786000, 0.0008685000, 0.0009504000, 0.0010312000, 
----data7.dat----------------
0.0003398000, 0.0004931000, 0.0006241000, 0.0007214000, 0.0007787000, 0.0008344000, 0.0009718000, 0.0009643000, 0.0010273000, 0.0010645000, 
