0.0888700000
0.0895940000
0.0898050000
0.0889350000
0.0879290000
0.0884170000
0.0889300000
0.0894960000
0.0885970000
0.0879610000
0.3552280000
0.3552150000
0.3545590000
0.3555150000
0.3583790000
0.3545940000
0.3554520000
0.3537110000
0.3569110000
0.3546220000
0.8027610000
0.8017240000
0.8127050000
0.8157270000
0.8082890000
0.7995700000
0.7997290000
0.7994730000
0.7993360000
0.7996160000
1.4279080000
1.4257030000
1.4228590000
1.4235270000
1.4207870000
1.4233280000
1.4260900000
1.4280460000
1.4230080000
1.4225690000
2.2185060000
2.2202950000
2.2221880000
2.2178840000
2.2153830000
2.2166190000
2.2309770000
2.2223500000
2.2268650000
2.2219750000
3.1980190000
3.1909480000
3.1987490000
3.2047840000
3.2027820000
3.1890830000
3.2006130000
3.1972470000
3.1933630000
3.1964510000
4.3669690000
4.3517650000
4.3564250000
4.3427500000
4.3833310000
4.3961110000
4.3695790000
4.3603040000
4.3570220000
4.3521960000
5.6758840000
5.6736560000
5.6785000000
5.6698480000
5.6853810000
5.6738800000
5.6780310000
5.6750570000
5.6847630000
5.6849630000
7.2005950000
7.2147500000
7.1948680000
7.2125410000
7.2060100000
7.1986970000
7.1975590000
7.2143930000
7.2017020000
7.2037100000
8.8544490000
8.8586220000
8.8814080000
8.8779670000
8.8695260000
8.8573210000
8.8683110000
8.8587770000
8.8729480000
8.8632570000
0.0884300000
0.0883730000
0.0914860000
0.0881340000
0.0884270000
0.0881250000
0.0885830000
0.0881490000
0.0881540000
0.0883490000
0.3556450000
0.3538870000
0.3539880000
0.3552710000
0.3536760000
0.3539550000
0.3552600000
0.3545060000
0.3542950000
0.3552390000
0.7931750000
0.7929510000
0.7913260000
0.7924790000
0.7919910000
0.7923910000
0.7975160000
0.7937870000
0.7924150000
0.7920240000
1.4148080000
1.4140090000
1.4143250000
1.4138000000
1.4105520000
1.4199950000
1.4133240000
1.4106650000
1.4126220000
1.4100560000
2.2013470000
2.2140250000
2.2061620000
2.2155150000
2.2077590000
2.2057550000
2.2069650000
2.2075940000
2.2060020000
2.2092360000
3.1833860000
3.1814340000
3.1829950000
3.1847870000
3.1998450000
3.1870950000
3.1853180000
3.1812840000
3.1816330000
3.1779590000
4.3298930000
4.3355250000
4.3345900000
4.3555930000
4.4060870000
4.3839300000
4.3428850000
4.3379330000
4.3306520000
4.3364490000
5.6559950000
5.6489240000
5.6611270000
5.6549810000
5.6556190000
5.6530580000
5.6504140000
5.6550180000
5.6525650000
5.6594890000
7.1811020000
7.1768100000
7.1904370000
7.1868910000
7.1761350000
7.1883490000
7.2242880000
7.3014710000
7.3000150000
7.2675650000
8.9162030000
8.8844210000
8.8785680000
8.9144700000
8.9559130000
8.9592620000
8.9007220000
8.8823610000
8.9922870000
9.0496660000
0.0878710000
0.0876320000
0.0880460000
0.0875470000
0.0876650000
0.0877430000
0.0879370000
0.0875420000
0.0881360000
0.0879620000
0.3538970000
0.3550920000
0.3541020000
0.3551910000
0.3547660000
0.3539310000
0.3544520000
0.3545020000
0.3541810000
0.3537520000
0.7942780000
0.7923210000
0.7939210000
0.7946950000
0.8058040000
0.8049250000
0.7978670000
0.8028010000
0.7967260000
0.8003450000
1.4205520000
1.4071370000
1.4066210000
1.4110530000
1.4069270000
1.4069320000
1.4043460000
1.4085260000
1.4053200000
1.4036230000
2.1962600000
2.1861240000
2.1927190000
2.1844880000
2.1887040000
2.1915100000
2.1899060000
2.1876080000
2.1872620000
2.1900230000
3.1556890000
3.1486680000
3.1676530000
3.1577580000
3.1586280000
3.1626590000
3.1559680000
3.1520830000
3.1549900000
3.1552420000
4.3064910000
4.3099960000
4.3503290000
4.3833410000
4.3980820000
4.3901810000
4.3845110000
4.3939000000
4.3579830000
4.3591980000
5.7243430000
5.6795000000
5.6570340000
5.6886100000
5.7521980000
5.7178960000
5.7052560000
5.6729960000
5.7181200000
5.6981820000
7.2475030000
7.1987190000
7.1406760000
7.1751560000
7.2569770000
7.2453490000
7.2276180000
7.2180480000
7.2217080000
7.1393360000
8.8394050000
8.8324370000
8.8267880000
8.8462650000
8.8227680000
8.8221010000
8.8353740000
8.8322850000
8.8393180000
8.8323800000
0.0000260000
0.0000270000
0.0000270000
0.0000270000
0.0000270000
0.0000260000
0.0000260000
0.0000270000
0.0000270000
0.0000260000
0.0000520000
0.0000510000
0.0000490000
0.0000500000
0.0000510000
0.0000500000
0.0000510000
0.0000500000
0.0000510000
0.0000520000
0.0000760000
0.0000750000
0.0000750000
0.0000750000
0.0000750000
0.0000760000
0.0000760000
0.0000760000
0.0000740000
0.0000750000
0.0001020000
0.0001010000
0.0001010000
0.0000990000
0.0000990000
0.0000990000
0.0000990000
0.0000990000
0.0000990000
0.0001000000
0.0001240000
0.0001240000
0.0001250000
0.0001220000
0.0001230000
0.0001230000
0.0001250000
0.0001240000
0.0001240000
0.0001230000
0.0001480000
0.0001490000
0.0001470000
0.0001490000
0.0001480000
0.0001500000
0.0001480000
0.0001470000
0.0001480000
0.0001480000
0.0001750000
0.0001740000
0.0001730000
0.0001710000
0.0001730000
0.0001720000
0.0001740000
0.0001740000
0.0001710000
0.0001760000
0.0002030000
0.0001980000
0.0001970000
0.0001960000
0.0001970000
0.0001960000
0.0001940000
0.0001980000
0.0001930000
0.0001970000
0.0002210000
0.0002200000
0.0002200000
0.0002210000
0.0002200000
0.0002230000
0.0002200000
0.0002190000
0.0002200000
0.0002210000
0.0002450000
0.0002480000
0.0002450000
0.0002450000
0.0002400000
0.0002440000
0.0002440000
0.0002490000
0.0002450000
0.0002450000
0.1757100000
0.1762780000
0.1758030000
0.1771400000
0.1769410000
0.1762040000
0.1759320000
0.1758500000
0.1777030000
0.1768580000
0.7062290000
0.7063850000
0.7089910000
0.7089650000
0.7103120000
0.7069030000
0.7077390000
0.7133490000
0.7083000000
0.7067650000
1.5936860000
1.6038440000
1.5981870000
1.5959460000
1.5976740000
1.5935420000
1.5922660000
1.5968650000
1.5936470000
1.5977710000
2.8541190000
2.8270440000
2.8373140000
2.8345510000
2.8487130000
2.8382610000
2.8544440000
2.8538180000
2.8464460000
2.8457730000
4.4357380000
4.4261490000
4.4351220000
4.4270260000
4.4254000000
4.4436630000
4.4322340000
4.4315340000
4.4396680000
4.4367130000
6.3950370000
6.3777760000
6.3874430000
6.3834810000
6.3878380000
6.3712580000
6.3854450000
6.3754380000
6.3901250000
6.3887470000
8.7036310000
8.6939160000
8.7029920000
8.7065870000
8.7243650000
8.7107510000
8.7263570000
8.6907400000
8.7145050000
8.6931010000
11.3590530000
11.3670210000
11.3997300000
11.3549340000
11.3552610000
11.3832640000
11.3553580000
11.3573240000
11.3649990000
11.3612060000
14.3935500000
14.3891240000
14.3903300000
14.3936180000
14.3963670000
14.4140530000
14.3800640000
14.3706290000
14.4144440000
14.3870950000
17.7767700000
17.7788850000
17.8033620000
17.7716160000
17.7572910000
17.7501970000
17.7757100000
17.7697830000
17.7920600000
17.7746410000
0.0000270000
0.0000260000
0.0000260000
0.0000260000
0.0000260000
0.0000260000
0.0000280000
0.0000270000
0.0000260000
0.0000270000
0.0000510000
0.0000490000
0.0000510000
0.0000510000
0.0000500000
0.0000510000
0.0000500000
0.0000510000
0.0000500000
0.0000500000
0.0000760000
0.0000750000
0.0000770000
0.0000750000
0.0000770000
0.0000750000
0.0000740000
0.0000740000
0.0000750000
0.0000750000
0.0000990000
0.0001000000
0.0000990000
0.0000980000
0.0000990000
0.0001000000
0.0001000000
0.0000990000
0.0000980000
0.0001000000
0.0001220000
0.0001240000
0.0001240000
0.0001240000
0.0001250000
0.0001220000
0.0001220000
0.0001250000
0.0001250000
0.0001250000
0.3545370000
0.3543770000
0.3538280000
0.3535830000
0.3537520000
0.3562760000
0.3537180000
0.3548830000
0.3539690000
0.3534170000
1.4218530000
1.4241820000
1.4233460000
1.4195140000
1.4204650000
1.4257660000
1.4213370000
1.4235040000
1.4182540000
1.4212140000
3.1960330000
3.1977660000
3.1958240000
3.1989210000
3.2040550000
3.1988110000
3.1997960000
3.2118550000
3.1957170000
3.2111770000
5.8035780000
5.8169270000
5.7431040000
5.6925650000
5.6865980000
5.6838770000
5.6821360000
5.6869420000
5.6931160000
5.6906480000
8.8929430000
8.9086760000
8.9067260000
8.8939170000
8.8688950000
8.8900300000
8.8953720000
8.8898020000
8.8907750000
8.8925900000
0.0872340000
0.0876260000
0.0875160000
0.0874500000
0.0875300000
0.0872970000
0.0871970000
0.0870100000
0.0875010000
0.0871420000
0.3521450000
0.3526220000
0.3535110000
0.3519590000
0.3548050000
0.3522800000
0.3508810000
0.3519390000
0.3522970000
0.3540300000
0.8016500000
0.8037740000
0.8008330000
0.8001180000
0.8026150000
0.8002760000
0.8052810000
0.8011440000
0.8007070000
0.8056020000
1.4298130000
1.4277290000
1.4238990000
1.4259250000
1.4269510000
1.4260060000
1.4281620000
1.4269630000
1.4293630000
1.4255370000
2.2198030000
2.2267740000
2.2260210000
2.2299980000
2.2300130000
2.2241610000
2.2276900000
2.2302590000
2.2257780000
2.2234340000
3.1994290000
3.1982910000
3.1969370000
3.1977280000
3.1916330000
3.1889160000
3.1956280000
3.1926070000
3.1902520000
3.1882750000
4.3577480000
4.3568330000
4.3704380000
4.3604230000
4.3702690000
4.3572360000
4.3690400000
4.3578500000
4.3619340000
4.3652050000
5.7039620000
5.7124230000
5.7114020000
5.7157010000
5.7143070000
5.7155730000
5.7089740000
5.7059270000
5.7155930000
5.7116700000
7.2317780000
7.2347760000
7.2167620000
7.2205030000
7.2303910000
7.2213150000
7.2353880000
7.2286870000
7.2312470000
7.2353910000
8.8999470000
8.9065290000
8.8958480000
8.9059960000
8.9206470000
8.9035860000
8.8986050000
8.9821030000
9.0087960000
8.9235890000