----data1.dat:0~9999----------------
0.0012000000
0.0011940000
0.0011950000
0.0012040000
0.0011960000
0.0011940000
0.0011980000
0.0011950000
0.0011940000
0.0011900000
----data1.dat:0~19999----------------
0.0026990000
0.0026940000
0.0026940000
0.0027770000
0.0027000000
0.0027960000
0.0027290000
0.0026990000
0.0026910000
0.0026970000
----data1.dat:0~29999----------------
0.0040780000
0.0040200000
0.0041670000
0.0040410000
0.0040240000
0.0040250000
0.0040170000
0.0040300000
0.0040140000
0.0040600000
----data1.dat:0~39999----------------
0.0054810000
0.0054620000
0.0055300000
0.0054690000
0.0054620000
0.0058130000
0.0055400000
0.0054820000
0.0054930000
0.0054800000
----data1.dat:0~49999----------------
0.0069390000
0.0069150000
0.0069310000
0.0069260000
0.0069300000
0.0069420000
0.0069490000
0.0069490000
0.0069460000
0.0069650000
----data1.dat:0~59999----------------
0.0087980000
0.0090890000
0.0087920000
0.0088160000
0.0088310000
0.0088820000
0.0090230000
0.0089850000
0.0092040000
0.0090340000
----data1.dat:0~69999----------------
0.0098000000
0.0098110000
0.0097830000
0.0098580000
0.0097540000
0.0102040000
0.0107770000
0.0108070000
0.0107510000
0.0103220000
----data1.dat:0~79999----------------
0.0131450000
0.0117210000
0.0115330000
0.0118790000
0.0117890000
0.0117900000
0.0118030000
0.0117410000
0.0141120000
0.0137660000
----data1.dat:0~89999----------------
0.0157010000
0.0142250000
0.0139690000
0.0141880000
0.0144340000
0.0144830000
0.0147880000
0.0150550000
0.0142630000
0.0138420000
----data1.dat:0~99999----------------
0.0153080000
0.0148010000
0.0148730000
0.0149220000
0.0150210000
0.0150200000
0.0153400000
0.0153740000
0.0155710000
0.0152450000
----data2.dat:0~9999----------------
0.0012320000
0.0014000000
0.0013760000
0.0013330000
0.0012380000
0.0012280000
0.0012290000
0.0013370000
0.0012840000
0.0013470000
----data2.dat:0~19999----------------
0.0025410000
0.0026620000
0.0025480000
0.0025470000
0.0028130000
0.0028290000
0.0025390000
0.0025440000
0.0025470000
0.0027930000
----data2.dat:0~29999----------------
0.0043920000
0.0045890000
0.0043120000
0.0041350000
0.0043090000
0.0043500000
0.0044580000
0.0042800000
0.0041190000
0.0043620000
----data2.dat:0~39999----------------
0.0071320000
0.0072930000
0.0064750000
0.0057600000
0.0068640000
0.0058170000
0.0060420000
0.0060090000
0.0061070000
0.0063940000
----data2.dat:0~49999----------------
0.0071740000
0.0073660000
0.0075780000
0.0070980000
0.0071080000
0.0070610000
0.0070860000
0.0071070000
0.0071420000
0.0071110000
----data2.dat:0~59999----------------
0.0087150000
0.0086960000
0.0086320000
0.0086880000
0.0086330000
0.0088720000
0.0088530000
0.0087300000
0.0087330000
0.0087310000
----data2.dat:0~69999----------------
0.0105720000
0.0102150000
0.0105290000
0.0105230000
0.0100450000
0.0102890000
0.0101640000
0.0100530000
0.0101260000
0.0101080000
----data2.dat:0~79999----------------
0.0114470000
0.0117700000
0.0113730000
0.0120390000
0.0123970000
0.0143550000
0.0128270000
0.0118230000
0.0116700000
0.0117830000
----data2.dat:0~89999----------------
0.0135740000
0.0134590000
0.0133220000
0.0129740000
0.0128700000
0.0128110000
0.0126950000
0.0129960000
0.0128630000
0.0132100000
----data2.dat:0~99999----------------
0.0160870000
0.0157770000
0.0152850000
0.0150200000
0.0151880000
0.0151620000
0.0153910000
0.0154550000
0.0152410000
0.0153180000
----data3.dat:0~9999----------------
0.0011490000
0.0012140000
0.0013580000
0.0012880000
0.0013190000
0.0013730000
0.0012700000
0.0011440000
0.0011650000
0.0011700000
----data3.dat:0~19999----------------
0.0025030000
0.0025900000
0.0024980000
0.0025510000
0.0024970000
0.0025830000
0.0025920000
0.0025180000
0.0025070000
0.0024890000
----data3.dat:0~29999----------------
0.0040650000
0.0040210000
0.0040980000
0.0042390000
0.0040030000
0.0040130000
0.0040150000
0.0039940000
0.0040050000
0.0040120000
----data3.dat:0~39999----------------
0.0054480000
0.0054470000
0.0057210000
0.0056850000
0.0064070000
0.0054380000
0.0054480000
0.0054280000
0.0054780000
0.0054270000
----data3.dat:0~49999----------------
0.0068420000
0.0068810000
0.0068680000
0.0068670000
0.0068450000
0.0069000000
0.0068410000
0.0069000000
0.0068750000
0.0068520000
----data3.dat:0~59999----------------
0.0084230000
0.0082640000
0.0082580000
0.0082880000
0.0083400000
0.0083030000
0.0083630000
0.0082440000
0.0082860000
0.0083710000
----data3.dat:0~69999----------------
0.0097820000
0.0097500000
0.0097990000
0.0097700000
0.0098920000
0.0098290000
0.0097990000
0.0098350000
0.0098380000
0.0097880000
----data3.dat:0~79999----------------
0.0111680000
0.0113100000
0.0111590000
0.0111610000
0.0111950000
0.0111300000
0.0111720000
0.0111770000
0.0111690000
0.0112000000
----data3.dat:0~89999----------------
0.0130010000
0.0130470000
0.0129480000
0.0130380000
0.0130360000
0.0130440000
0.0130170000
0.0129850000
0.0130070000
0.0130180000
----data3.dat:0~99999----------------
0.0140410000
0.0140360000
0.0141190000
0.0140540000
0.0141120000
0.0141210000
0.0140950000
0.0141000000
0.0140260000
0.0140570000
----data4.dat:0~9999----------------
0.0921040000
0.0917750000
0.0918940000
0.0915640000
0.0915620000
0.0916680000
0.0917970000
0.0919030000
0.0920860000
0.0919160000
----data4.dat:0~19999----------------
0.3677010000
0.3671270000
0.3690000000
0.3671760000
0.3934410000
0.3814180000
0.3869800000
0.3857020000
0.3921140000
0.3807560000
----data4.dat:0~29999----------------
0.8764680000
0.8488170000
0.8369020000
0.8262810000
0.8256820000
0.8290410000
0.8424250000
0.8887710000
0.8554020000
0.8527470000
----data4.dat:0~39999----------------
1.5187030000
1.5038550000
1.5166030000
1.5397120000
1.5719090000
1.5699820000
1.5438010000
1.5371720000
1.5420830000
1.5334010000
----data4.dat:0~49999----------------
2.4126400000
2.3266890000
2.4122240000
2.3773840000
2.3728980000
2.4505280000
2.4327060000
2.4173670000
2.4148860000
2.4319850000
----data4.dat:0~59999----------------
3.4369870000
3.4213960000
3.4549020000
3.4533330000
3.4339990000
3.3475610000
3.4021640000
3.3983980000
3.4254260000
3.4081620000
----data4.dat:0~69999----------------
4.6556160000
4.5793970000
4.6345340000
4.5030870000
4.5127140000
4.4951020000
4.5433920000
4.8525060000
4.7354990000
4.6744380000
----data4.dat:0~79999----------------
6.0233770000
6.0768710000
6.0711380000
6.1453860000
6.1583620000
6.5120360000
6.3713060000
6.5322790000
6.3748240000
6.4868050000
----data4.dat:0~89999----------------
7.9291170000
7.6801910000
7.8917670000
7.8996650000
7.6885510000
7.6516200000
7.5749530000
7.7516150000
7.7642210000
7.7591970000
----data4.dat:0~99999----------------
9.5052820000
9.4884010000
9.6272150000
9.4853640000
9.5838830000
9.4712340000
9.3530650000
9.3188810000
9.3946560000
9.5315150000
----data5.dat:0~9999----------------
0.1167580000
0.1154630000
0.1155500000
0.1250290000
0.1162250000
0.1204090000
0.1157240000
0.1217940000
0.1198900000
0.1183520000
----data5.dat:0~19999----------------
0.4701740000
0.4713050000
0.5080130000
0.4727430000
0.4694380000
0.4851440000
0.4973220000
0.4906830000
0.4827910000
0.4826580000
----data5.dat:0~29999----------------
1.0709610000
1.0917500000
1.0801100000
1.1071060000
1.0464730000
1.0653440000
1.0518450000
1.0512180000
1.0406160000
1.0439790000
----data5.dat:0~39999----------------
1.8775430000
1.9185670000
1.9599650000
1.9600870000
1.9206560000
1.8891740000
1.8850790000
1.8563840000
1.8662310000
1.8493890000
----data5.dat:0~49999----------------
2.9264830000
2.9468410000
2.9144870000
2.8971370000
2.8822200000
2.8768430000
2.8705940000
2.8687940000
2.8756060000
2.9018060000
----data5.dat:0~59999----------------
4.1270930000
4.2087730000
4.1284110000
4.1312390000
4.1910370000
4.1278160000
4.1407030000
4.1289650000
4.1317080000
4.1456190000
----data5.dat:0~69999----------------
5.6191460000
5.6274530000
5.6388460000
5.6442510000
5.6349450000
5.6194880000
5.6202500000
5.6138850000
5.6202790000
5.6313340000
----data5.dat:0~79999----------------
7.3346330000
7.3331490000
7.3363220000
7.3300160000
7.3545250000
7.3434470000
7.3461230000
7.5395010000
7.3467680000
7.7218870000
----data5.dat:0~89999----------------
10.2360510000
9.7132700000
9.3184900000
9.2977750000
9.3298300000
9.3094350000
9.5928560000
9.4743230000
9.4162980000
9.4163160000
----data5.dat:0~99999----------------
11.5735890000
11.7431220000
11.6674600000
11.8814970000
11.7966160000
11.9617840000
11.8298920000
11.7082770000
11.7607970000
11.7897580000
----data6.dat:0~9999----------------
0.0944210000
0.0948820000
0.0956400000
0.1053300000
0.0951920000
0.0999240000
0.0995280000
0.1076540000
0.0961860000
0.0987010000
----data6.dat:0~19999----------------
0.3952840000
0.3819800000
0.4071430000
0.3813730000
0.3981030000
0.3986000000
0.3809640000
0.3933200000
0.4422520000
0.4089530000
----data6.dat:0~29999----------------
0.9662410000
0.9163110000
0.8679520000
0.8934160000
0.8585680000
0.8657100000
0.8675770000
0.8412510000
0.8700420000
0.8660150000
----data6.dat:0~39999----------------
1.5071420000
1.5728810000
1.5421620000
1.5477380000
1.5560710000
1.6904200000
1.7226490000
1.6920400000
1.6918920000
1.6014330000
----data6.dat:0~49999----------------
2.4943730000
2.4145250000
2.3410120000
2.4661140000
2.5250640000
2.3716610000
2.4050570000
2.3837950000
2.3219990000
2.3587900000
----data6.dat:0~59999----------------
3.1881290000
3.2244620000
3.1614600000
3.2701410000
3.1113960000
3.0346790000
3.0311030000
3.1577920000
3.1253120000
3.1470060000
----data6.dat:0~69999----------------
3.4800090000
3.5206630000
3.5747620000
3.5842990000
3.5785980000
3.6187660000
3.5246720000
3.4974490000
3.4275820000
3.4447160000
----data6.dat:0~79999----------------
3.1299250000
3.1613960000
3.3585910000
3.3184340000
3.2984770000
3.3203090000
3.1642620000
3.2833130000
3.2255080000
3.3031850000
----data6.dat:0~89999----------------
3.3976410000
3.4364130000
3.3710200000
3.3568240000
3.3338560000
3.2690520000
3.2196260000
3.2086320000
3.2707340000
3.3817950000
----data6.dat:0~99999----------------
2.8611230000
2.8276870000
2.9173040000
2.8963600000
2.8403040000
2.8153840000
2.7605510000
2.7892300000
2.8120520000
2.7622650000
----data7.dat:0~9999----------------
0.0011560000
0.0011580000
0.0011580000
0.0011580000
0.0011730000
0.0011590000
0.0011590000
0.0011600000
0.0011560000
0.0011700000
----data7.dat:0~19999----------------
0.0025120000
0.0024830000
0.0024840000
0.0024870000
0.0025320000
0.0024820000
0.0025270000
0.0024770000
0.0025100000
0.0024910000
----data7.dat:0~29999----------------
0.0038240000
0.0038370000
0.0038260000
0.0038310000
0.0038240000
0.0038180000
0.0038360000
0.0038900000
0.0038410000
0.0039770000
----data7.dat:0~39999----------------
0.0052870000
0.0052960000
0.0053480000
0.0053380000
0.0053520000
0.0052940000
0.0054360000
0.0053540000
0.0053110000
0.0054120000
----data7.dat:0~49999----------------
0.0068460000
0.0068000000
0.0068320000
0.0067660000
0.0068490000
0.0067990000
0.0067690000
0.0067900000
0.0069540000
0.0067400000
----data7.dat:0~59999----------------
0.0084010000
0.0087300000
0.0085880000
0.0090440000
0.0087840000
0.0087020000
0.0090730000
0.0085490000
0.0083970000
0.0083770000
----data7.dat:0~69999----------------
0.0099160000
0.0096680000
0.0096300000
0.0097350000
0.0096550000
0.0096780000
0.0096960000
0.0095980000
0.0096560000
0.0096470000
----data7.dat:0~79999----------------
0.0112600000
0.0111820000
0.0111090000
0.0112150000
0.0111640000
0.0111280000
0.0112860000
0.0111520000
0.0111520000
0.0112030000
----data7.dat:0~89999----------------
0.0132440000
0.0128760000
0.0128000000
0.0133500000
0.0128270000
0.0129510000
0.0128800000
0.0128790000
0.0134470000
0.0143220000
----data7.dat:0~99999----------------
0.0149490000
0.0146680000
0.0144780000
0.0145150000
0.0144030000
0.0149040000
0.0156690000
0.0147830000
0.0148520000
0.0149440000
