----data1.dat----------------
0.1672136667, 0.7551030000, 1.6833023333, 3.0701570000, 4.9452946667, 6.9832763333, 9.3866890000, 12.4432116667, 15.7174583333, 19.4513056667, 
----data2.dat----------------
0.1682680000, 0.7156306667, 1.6343856667, 3.0731833333, 4.7914646667, 6.8324520000, 9.5472353333, 12.3676940000, 15.9077776667, 19.4500330000, 
----data3.dat----------------
0.1724513333, 0.7516126667, 1.6527926667, 2.9295033333, 4.6217376667, 6.8138506667, 9.6483693333, 12.2941503333, 15.6764556667, 19.5392556667, 
----data4.dat----------------
0.0000473333, 0.0000730000, 0.0000943333, 0.0001136667, 0.0001493333, 0.0001546667, 0.0001766667, 0.0001983333, 0.0002503333, 0.1939496667, 
----data5.dat----------------
0.7635390000, 1.7623576667, 3.0366640000, 4.8062156667, 7.0819746667, 9.6063510000, 11.9922670000, 15.1848796667, 19.6548093333, 0.1109166667, 
----data6.dat----------------
0.4437610000, 1.0010570000, 1.8092310000, 2.8355343333, 4.0438496667, 5.5100306667, 7.1681966667, 9.0714730000, 11.1900883333, 11.6196190000, 
----data7.dat----------------
0.1696863333, 0.6844046667, 1.5263706667, 2.7729710000, 4.4241803333, 6.3209913333, 8.5569030000, 11.2416353333, 14.1046316667, 17.4439566667, 

18.6681320000(s)