0.1661230000
0.1674090000
0.1681090000
0.7252230000
0.7774320000
0.7626540000
1.6589470000
1.6820870000
1.7088730000
3.0621420000
3.0774440000
3.0708850000
4.7045150000
4.9355280000
5.1958410000
7.2090550000
6.9176300000
6.8231440000
9.2732510000
9.2227390000
9.6640770000
12.4344400000
12.5132190000
12.3819760000
15.9749450000
15.4144540000
15.7629760000
19.0646050000
19.3826850000
19.9066270000
0.1624290000
0.1721560000
0.1702190000
0.7288810000
0.7099410000
0.7080700000
1.6247290000
1.6423570000
1.6360710000
3.0574070000
3.0734510000
3.0886920000
4.8069340000
4.8317070000
4.7357530000
6.9530700000
6.8061740000
6.7381120000
9.6616960000
9.5931510000
9.3868590000
12.3438240000
12.3460940000
12.4131640000
15.9741140000
15.9302910000
15.8189280000
19.5922360000
19.3754460000
19.3824170000
0.1708220000
0.1748720000
0.1716600000
0.7512330000
0.7688590000
0.7347460000
1.6649550000
1.6340570000
1.6593660000
2.9215700000
2.9391690000
2.9277710000
4.6621100000
4.6154280000
4.5876750000
6.6787420000
6.7913340000
6.9714760000
9.5608830000
9.9231560000
9.4610690000
12.2867080000
12.4182380000
12.1775050000
15.6689050000
15.5873780000
15.7730840000
19.5741540000
19.5395610000
19.5040520000
0.0000470000
0.0000480000
0.0000470000
0.0000690000
0.0000690000
0.0000810000
0.0000960000
0.0000910000
0.0000960000
0.0001140000
0.0001130000
0.0001140000
0.0001680000
0.0001420000
0.0001380000
0.0001540000
0.0001550000
0.0001550000
0.0001760000
0.0001770000
0.0001770000
0.0001990000
0.0001970000
0.0001990000
0.0002920000
0.0002190000
0.0002400000
0.1976610000
0.1980960000
0.1860920000
0.7443430000
0.7743450000
0.7719290000
1.7545350000
1.7721290000
1.7604090000
3.0376340000
3.0136780000
3.0586800000
4.7772450000
4.7959040000
4.8454980000
7.1570510000
7.0579780000
7.0308950000
9.4239140000
9.5692780000
9.8258610000
11.9776070000
11.9309740000
12.0682200000
15.2914110000
15.0852700000
15.1779580000
19.6622670000
19.5695010000
19.7326600000
0.1109930000
0.1112190000
0.1105380000
0.4435290000
0.4441050000
0.4436490000
1.0019360000
1.0002920000
1.0009430000
1.8110230000
1.8073420000
1.8093280000
2.8418170000
2.8563750000
2.8084110000
4.0234160000
4.0500670000
4.0580660000
5.5802870000
5.4836630000
5.4661420000
7.1804110000
7.1309970000
7.1931820000
9.0851480000
9.0417360000
9.0875350000
11.2066420000
11.2514390000
11.1121840000
11.7400240000
11.4383020000
11.6805310000
0.1667860000
0.1718390000
0.1704340000
0.7235890000
0.6717430000
0.6578820000
1.5149340000
1.5196690000
1.5445090000
2.7095550000
2.7993250000
2.8100330000
4.4194480000
4.4452460000
4.4078470000
6.3582420000
6.3100770000
6.2946550000
8.6125370000
8.4649680000
8.5932040000
11.2918870000
11.2667200000
11.1662990000
13.9412910000
14.1000890000
14.2725150000
17.5053130000
17.3935010000
17.4330560000
