0.1626730000
0.1619040000
0.1615970000
0.6933900000
0.6948240000
0.6913670000
1.6120510000
1.6077220000
1.6022880000
2.9071930000
2.9119650000
2.9144050000
4.5871330000
4.5917960000
4.6123840000
6.8459390000
6.8095150000
6.7790080000
9.1855060000
9.1874490000
9.2544030000
12.1535730000
12.0911310000
12.1107580000
15.5076560000
15.3837800000
15.3910030000
18.9948130000
19.0562170000
18.8365470000
0.1615590000
0.1614750000
0.1627380000
0.6940440000
0.6954640000
0.6948650000
1.5949180000
1.5936100000
1.5999610000
2.8887770000
2.8936390000
2.8933150000
4.5782550000
4.5764170000
4.5842030000
6.6638510000
6.6668000000
6.6528450000
9.1348670000
9.1305790000
9.1323240000
11.9471620000
11.9551450000
11.9563820000
15.2034010000
15.2114800000
15.2067540000
18.9822450000
19.0886030000
19.1474740000
0.1719190000
0.1716800000
0.1673100000
0.7142480000
0.7210920000
0.6964890000
1.6121900000
1.6265800000
1.6279080000
2.9317170000
2.9384220000
2.9527550000
4.6353230000
4.6243500000
4.5844120000
6.6379840000
6.6296890000
6.6730900000
9.2371180000
9.1581700000
9.1206070000
11.9992800000
11.9462840000
11.9410760000
15.1463190000
15.1411260000
15.1518840000
18.7767360000
18.7707650000
18.7764830000
0.1848170000
0.1847370000
0.1856410000
0.7408460000
0.7426200000
0.7454960000
1.6750030000
1.6731090000
1.6791370000
2.9775490000
2.9743700000
2.9682230000
4.6432160000
4.6435940000
4.6431100000
6.6893730000
6.6916120000
6.6927220000
9.1025070000
9.1168480000
9.1114730000
11.9128910000
11.9225600000
11.8991980000
15.0759390000
15.0756100000
15.0658940000
18.5920620000
18.6023580000
18.6526140000
0.4432270000
0.4427010000
0.4435280000
1.7796720000
1.7804470000
1.7755510000
3.9962990000
4.0019510000
3.9950070000
7.0987550000
7.1206800000
7.1132690000
11.0999340000
11.0971950000
11.1135130000
0.1535920000
0.1533780000
0.1535460000
0.6560070000
0.6508430000
0.6525010000
1.5134130000
1.5088220000
1.5087370000
2.7000390000
2.6923250000
2.6944330000
4.2241120000
4.2314000000
4.2163340000
6.0969020000
6.0891530000
6.0948940000
8.3303830000
8.3685490000
8.3250930000
10.8948190000
10.9035840000
10.9043700000
13.7955420000
13.8197080000
13.8233660000
17.0025450000
17.0063290000
17.0243980000
